   9.0909090909090912E-002   9.0909090909090912E-002   1.0866636824544180     
  0.18181818181818182        9.0909090909090912E-002   1.1767041426102265     
  0.27272727272727271        9.0909090909090912E-002   1.2652494925458713     
  0.36363636363636365        9.0909090909090912E-002   1.3515689367933974     
  0.45454545454545459        9.0909090909090912E-002   1.4349497747797537     
  0.54545454545454541        9.0909090909090912E-002   1.5147034033342968     
  0.63636363636363635        9.0909090909090912E-002   1.5901710329297112     
  0.72727272727272729        9.0909090909090912E-002   1.6607291069634422     
  0.81818181818181823        9.0909090909090912E-002   1.7257943657026473     
  0.90909090909090917        9.0909090909090912E-002   1.7848284316544822     
   9.0909090909090912E-002  0.18181818181818182        1.0743154339881260     
  0.18181818181818182       0.18181818181818182        1.1643606122280723     
  0.27272727272727271       0.18181818181818182        1.2529095409202857     
  0.36363636363636365       0.18181818181818182        1.3392315222144013     
  0.45454545454545459       0.18181818181818182        1.4226139101980220     
  0.54545454545454541       0.18181818181818182        1.5023680798834831     
  0.63636363636363635       0.18181818181818182        1.5778351363421843     
  0.72727272727272729       0.18181818181818182        1.6483913269596362     
  0.81818181818181823       0.18181818181818182        1.7134531025537860     
  0.90909090909090917       0.18181818181818182        1.7724817534754178     
   9.0909090909090912E-002  0.27272727272727271        1.0538423664253969     
  0.18181818181818182       0.27272727272727271        1.1438907310494011     
  0.27272727272727271       0.27272727272727271        1.2324421939985839     
  0.36363636363636365       0.27272727272727271        1.3187660008115847     
  0.45454545454545459       0.27272727272727271        1.4021494827043863     
  0.54545454545454541       0.27272727272727271        1.4819039747045935     
  0.63636363636363635       0.27272727272727271        1.5573705076949755     
  0.72727272727272729       0.27272727272727271        1.6279252229543093     
  0.81818181818181823       0.27272727272727271        1.6929844617784788     
  0.90909090909090917       0.27272727272727271        1.7520094899639447     
   9.0909090909090912E-002  0.36363636363636365        1.0254141495421831     
  0.18181818181818182       0.36363636363636365        1.1154643800838751     
  0.27272727272727271       0.36363636363636365        1.2040173894025967     
  0.36363636363636365       0.36363636363636365        1.2903423330769568     
  0.45454545454545459       0.36363636363636365        1.3737264927772668     
  0.54545454545454541       0.36363636363636365        1.4534811624629398     
  0.63636363636363635       0.36363636363636365        1.5289473277617898     
  0.72727272727272729       0.36363636363636365        1.5995010852417406     
  0.81818181818181823       0.36363636363636365        1.6645587582264381     
  0.90909090909090917       0.36363636363636365        1.7235816785946672     
   9.0909090909090912E-002  0.45454545454545459       0.98926588312713470     
  0.18181818181818182       0.45454545454545459        1.0793168393933446     
  0.27272727272727271       0.45454545454545459        1.1678704971527583     
  0.36363636363636365       0.45454545454545459        1.2541959385785264     
  0.45454545454545459       0.45454545454545459        1.3375804010507222     
  0.54545454545454541       0.45454545454545459        1.4173351490497756     
  0.63636363636363635       0.45454545454545459        1.4928011471425751     
  0.72727272727272729       0.45454545454545459        1.5633544823959844     
  0.81818181818181823       0.45454545454545459        1.6284114943879073     
  0.90909090909090917       0.45454545454545459        1.6874335827712605     
   9.0909090909090912E-002  0.54545454545454541       0.94569627727378602     
  0.18181818181818182       0.54545454545454541        1.0357469379186091     
  0.27272727272727271       0.54545454545454541        1.1243004195970201     
  0.36363636363636365       0.54545454545454541        1.2106257639523319     
  0.45454545454545459       0.54545454545454541        1.2940101836422393     
  0.54545454545454541       0.54545454545454541        1.3737649316409513     
  0.63636363636363635       0.54545454545454541        1.4492309725166943     
  0.72727272727272729       0.54545454545454541        1.5197844048399853     
  0.81818181818181823       0.54545454545454541        1.5848415929133581     
  0.90909090909090917       0.54545454545454541        1.6438639769178152     
   9.0909090909090912E-002  0.63636363636363635       0.89506523034089847     
  0.18181818181818182       0.63636363636363635       0.98511463160027268     
  0.27272727272727271       0.63636363636363635        1.0736671532040656     
  0.36363636363636365       0.63636363636363635        1.1599918303916910     
  0.45454545454545459       0.63636363636363635        1.2433758732487878     
  0.54545454545454541       0.63636363636363635        1.3231305429347739     
  0.63636363636363635       0.63636363636363635        1.3985968250762357     
  0.72727272727272729       0.63636363636363635        1.4691508490434484     
  0.81818181818181823       0.63636363636363635        1.5342090097426648     
  0.90909090909090917       0.63636363636363635        1.5932327593934716     
   9.0909090909090912E-002  0.72727272727272729       0.83779086838667294     
  0.18181818181818182       0.72727272727272729       0.92783804664812486     
  0.27272727272727271       0.72727272727272729        1.0163888305892608     
  0.36363636363636365       0.72727272727272729        1.1027122730818510     
  0.45454545454545459       0.72727272727272729        1.1860955968728679     
  0.54545454545454541       0.72727272727272729        1.2658500888728150     
  0.63636363636363635       0.72727272727272729        1.3413167799654808     
  0.72727272727272729       0.72727272727272729        1.4118718595447877     
  0.81818181818181823       0.72727272727272729        1.4769317773773449     
  0.90909090909090917       0.72727272727272729        1.5359579919251467     
   9.0909090909090912E-002  0.81818181818181823       0.77434607796381316     
  0.18181818181818182       0.81818181818181823       0.86439001760868650     
  0.27272727272727271       0.81818181818181823       0.95293826866526510     
  0.36363636363636365       0.81818181818181823        1.0392598962760231     
  0.45454545454545459       0.81818181818181823        1.1226421330144316     
  0.54545454545454541       0.81818181818181823        1.2023963027000781     
  0.63636363636363635       0.81818181818181823        1.2778635104036351     
  0.72727272727272729       0.81818181818181823        1.3484200547047571     
  0.81818181818181823       0.81818181818181823        1.4134825079342983     
  0.90909090909090917       0.81818181818181823        1.4725123974511578     
   9.0909090909090912E-002  0.90909090909090917       0.70525454164527901     
  0.18181818181818182       0.90909090909090917       0.79529414394920273     
  0.27272727272727271       0.90909090909090917       0.88383905462974233     
  0.36363636363636365       0.90909090909090917       0.97015827734386961     
  0.45454545454545459       0.90909090909090917        1.0535390221357306     
  0.54545454545454541       0.90909090909090917        1.1332926506901768     
  0.63636363636363635       0.90909090909090917        1.2087603734802723     
  0.72727272727272729       0.90909090909090917        1.2793186690472396     
  0.81818181818181823       0.90909090909090917        1.3443843670416764     
  0.90909090909090917       0.90909090909090917        1.4034192908453154     
